1 2 3 4 5 6 7 8 9 10 11 12 13 14 15 16 17 18 19 20 21 22 23 24 25 26 27 28 29 30 31 32 33 34 35 36 37 38 39 40 41 42 43 44 45 46 47 48 49 50 51 52 53 54 55 56 57 58 59 60 61 FB 63 64 65 66 67 68 69 70 71 72 73 74 75 76 77 78 79 80 81 82 83 84 85 86 87 88 89 90
1 2 3 4 5 6 7 8 9 10 11 12 13 14 15 16 17 18 19 20 21 22 23 24 25 26 27 28 29 30 31 32 33 34 35 36 37 38 39 40 41 42 43 44 45 46 47 48 49 50 51 52 53 54 55 56 57 58 59 B 61 62 63 64 65 66 F 68 69 70 71 72 73 74 75 76 77 78 79 80 81 82 83 84 85
1 2 3 4 5 6 7 8 9 10 11 12 13 14 15 16 F 18 19 20 21 22 23 24 25 26 27 28 29 30 31 32 33 F 35 36 37 38 39 40 41 42 43 44 45 46 47 48 49 50 F 52 53 54 55 56 57 58 59 60 61 62 63 64 65 66 67 F 69 70 71 72 73 74 75 76 77 78 79 80 81 82 83 84
1 2 3 4 5 6 7 8 9 10 11 12 13 14 15 16 17 18 19 20 21 22 23 24 25 26 27 28 29 30 31 32 33 34 35 36 37 38 39 40 41 42 43
1 2 3 4 5 6 7 8 F 10 11 12 13 14 15 16 17 F 19 20 21 22 23 24 25 B F 28 29 30 31 32 33 34 35 F 37 38 39 40 41 42 43 44 F 46 47 48 49 50 51 B 53 F 55 56 57 58 59
1 2 3 4 5 6 7 8 9 10 11 12 13 14 15 16 17 18 19 20 21 22 23 24 25 26 27
1 2 3 F 5 6 7 F 9 10 11 F 13 14 15 F 17 18 19 F 21 22 23 F 25 26 27 F 29 30 31 F 33 B 35 F 37 38 39 F 41 42 43 F 45 46 47 F 49 50 51 F 53 54 55 F 57 58 59 F 61 62 63 F 65 66 67 FB 69 70 71 F 73 74
1 2 3 4 5 6 7 8 9 10 11 12 13 14 15 16 17 18 19 20 21 22 23 24 25 26 27 28 29 30 31 32
1 2 3 4 5 6 7 8 9 10 11 12 B 14 15 16 17 18 19 20 21 22 23 24 25 B 27 28 29 30 31 32 33 34 35 36 37 38 B 40 41
1 2 3 4 5 6 7 8 9 10 11 12 13 14 15 16 17 18 19 20 21 22 23 24 25 26 27 28 29 30 31 32 33 34 35 36 37 38 39
1 2 3 4 5 6 7 8 9 10 11 12 13 14 15 16 F B 19 20 21 22 23
1 2 3 4 5 6 7 8 9 10 11 12 13 14 15 16 17 18 19 20 21 22 23 24 25 26 27 28 29 30 31 32 33 34 35 36 37 38 39 40 41 42 43 44 45 46 47 48 49 50 51 52 53 54 55 56 57 58 59 60 61 62 63 64 65 66 67 68 69 70 71 72 73 74 75 76 77 78 79 80
1 2 B 4 5 B 7 8 B 10 11 B 13 14 B 16 17 B 19 20 B 22 23 B 25 26 B 28 29 B 31 32 B 34 35 B
1 2 3 4 5 6 7 8
1 2 3 4 5 6 7 8 9 10 11 12 13 14 15 16 17 18 19 20 21 22 23 24 25 26 27 28 29 30 31 32 33 34 35 36 37 38 39 40 41 42 43 44 45 46 47 48 49 50 51 52 53 54 55 56 57 B 59 60 61 F 63 64 65 66 67 68 69 70 71 72 73 74 75 76 77 78 79 80 81 82 83 84 85 86 87 88 89 90 91 92 93 94 95 96 97
1 2 3 4 5 6 7 8 9 B 11 12 13 14 15 16 17 18 19 B 21
1 2 3 4 5 6 7 8 9 10 11 12 13 14 15 16 17 18 19 20 21 22 23 24 25 26 27 28 29 30 31 32 33 34 35 36 37 38 39 40 41 42 43 44 45 46 47 F 49 50 51 52 53 54 55 56 57 58 59 60 61 62 63 64 65 66 67 68 69 70 71 72 73 74 75 76 77 78 79 80 81 82 B 84 85
1 2 3 4 5 6 7 F 9 10 11 12 13 14 15 F 17 18 19 20 21 22 23 F 25 26 27 28 29 30 31 F 33 34 35 36 37 38 39 F 41 42 43 44 45 46 47 F 49 50 51 52 53 54 55 F 57 58 59 60 61 62 63
1 2 3 4 5 6 7 8 9 10 11 12 13 F 15 16 17 18 19 20 21 22 23 24 25 26 27 F 29 30 31 32 33 34 35 36 37 38 39 40 41 F 43 44 45 46 47 48 49 50 51 52 53 54 55 F 57 58 59 60 61 62 63 64 65 66 67 68 69 F 71 72 73 74
1 2 3 4 5 6 7 8 9 10 11 12 B 14 15 16 17 18 19 20 21 22 23 24 25 B 27 28 29 30 31 32 33 34 35 36 37 38 B 40 41 42 43 44 45 46 47 48 49 50 51 B 53 54 55 56 57 58 59 60 61 62 63 64 B 66 67 68 69 70 71 72 73 74 75 76 77 B 79 80 81 82 83 84
